%YAML:1.0

#--------------------------------------------------------------------------------------------
# Camera Parameters. Adjust them!
#--------------------------------------------------------------------------------------------
Camera.type: "PinHole"

# Camera calibration and distortion parameters (OpenCV) (equal for both cameras after stereo rectification)
# euroc
Camera.fx: 434.993130372
Camera.fy: 434.993130372
Camera.cx: 367.006469727
Camera.cy: 251.923610687

Camera.k1: 0.0
Camera.k2: 0.0
Camera.p1: 0.0
Camera.p2: 0.0

Camera.width: 752
Camera.height: 480

# Camera frames per second
Camera.fps: 20.0

# stereo baseline times fx
Camera.bf: 47.9372512538

# Color order of the images (0: BGR, 1: RGB. It is ignored if images are grayscale)
Camera.RGB: 1

# Close/Far threshold. Baseline times.
ThDepth: 35.0 # 35

# Transformation from camera 0 to body-frame (imu)
Tbc: !!opencv-matrix
   rows: 4
   cols: 4
   dt: f
   data: [0.015009, -0.999879, 0.004051, -0.018376, 0.999622, 0.015099, 0.022992, -0.068122, -0.02305, 0.003704, 0.999727, 0.005351, 0.0, 0.0, 0.0, 1.0]

# IMU noise
IMU.NoiseGyro: 1.7e-04 # 1.6968e-04
IMU.NoiseAcc: 2.0e-03 # 2.0000e-3
IMU.GyroWalk: 1.9393e-05
IMU.AccWalk: 3.e-03 # 3.0000e-3
IMU.Frequency: 200

#--------------------------------------------------------------------------------------------
# Stereo Rectification. Only if you need to pre-rectify the images.
# Camera.fx, .fy, etc must be the same as in LEFT.P
#--------------------------------------------------------------------------------------------

LEFT.height: 480
LEFT.width: 752
LEFT.D: !!opencv-matrix
   rows: 1
   cols: 5
   dt: d
   data: [-0.287362, 0.078245, 0.000138, 0.000161, 0.0]

LEFT.K: !!opencv-matrix
   rows: 3
   cols: 3
   dt: d
   data: [458.50107, 0.0, 366.15911, 0.0, 457.166661, 248.254996, 0.0, 0.0, 1.0]

LEFT.R:  !!opencv-matrix
   rows: 3
   cols: 3
   dt: d
   data: [0.9999660982804853, 0.00015109552051474704, 0.008232828180302762, -0.0002091974212947473, 0.999975077606754, 0.007056939974611302, -0.00823155672650263, -0.007058423018636933, 0.9999412083409446]

LEFT.Rf:  !!opencv-matrix
   rows: 3
   cols: 3
   dt: f
   data: [0.9999660982804853, 0.00015109552051474704, 0.008232828180302762, -0.0002091974212947473, 0.999975077606754, 0.007056939974611302, -0.00823155672650263, -0.007058423018636933, 0.9999412083409446]

LEFT.P:  !!opencv-matrix
   rows: 3
   cols: 4
   dt: d
   data: [434.99313037173414, 0.0, 367.0064697265625, 0.0, 0.0, 434.99313037173414, 251.92361068725586, 0.0, 0.0, 0.0, 1.0, 0.0]

RIGHT.height: 480
RIGHT.width: 752
RIGHT.D: !!opencv-matrix
   rows: 1
   cols: 5
   dt: d
   data: [-0.283609, 0.074904, -0.000109, 0.000191, 0.0]

RIGHT.K: !!opencv-matrix
   rows: 3
   cols: 3
   dt: d
   data: [457.001386, 0.0, 378.700593, 0.0, 455.589963, 255.177674, 0.0, 0.0, 1.0]

RIGHT.R:  !!opencv-matrix
   rows: 3
   cols: 3
   dt: d
   data: [0.9999733416006102, -0.002009301495091378, 0.0070198857263571385, 0.002058796318138251, 0.9999730251027928, -0.007050561998155198, -0.007005529660897144, 0.007064826556344705, 0.9999505041650306]

RIGHT.P:  !!opencv-matrix
   rows: 3
   cols: 4
   dt: d
   data: [434.99313037173414, 0.0, 367.0064697265625, -47.93725125383646, 0.0, 434.99313037173414, 251.92361068725586, 0.0, 0.0, 0.0, 1.0, 0.0]

#--------------------------------------------------------------------------------------------
# ORB Parameters
#--------------------------------------------------------------------------------------------

# ORB Extractor: Number of features per image
ORBextractor.nFeatures: 1200

# ORB Extractor: Scale factor between levels in the scale pyramid
ORBextractor.scaleFactor: 1.2

# ORB Extractor: Number of levels in the scale pyramid
ORBextractor.nLevels: 8

# ORB Extractor: Fast threshold
# Image is divided in a grid. At each cell FAST are extracted imposing a minimum response.
# Firstly we impose iniThFAST. If no corners are detected we impose a lower value minThFAST
# You can lower these values if your images have low contrast
ORBextractor.iniThFAST: 20
ORBextractor.minThFAST: 7

#--------------------------------------------------------------------------------------------
# Viewer Parameters
#--------------------------------------------------------------------------------------------
Viewer.KeyFrameSize: 0.05
Viewer.KeyFrameLineWidth: 1
Viewer.GraphLineWidth: 0.9
Viewer.PointSize: 2
Viewer.CameraSize: 0.08
Viewer.CameraLineWidth: 3
Viewer.ViewpointX: 0
Viewer.ViewpointY: -0.7
Viewer.ViewpointZ: -1.8
Viewer.ViewpointF: 500

