%YAML:1.0
---
model_type: PINHOLE
camera_name: camera
image_width: 752
image_height: 480
projection_parameters:
  fx: 457.587
  fy: 456.134
  cx: 379.999
  cy: 255.238
  # fx: 457.886744710741
  # fy: 456.507889644955
  # cx: 379.228746952868
  # cy: 255.64503621002
distortion_parameters:
  k1: -0.28368365
  k2: 0.07451284
  p1: -0.00010473
  p2: -3.55590700e-05
  # k1: -0.286619726191396
  # k2: 0.077277401891847
  # p1: 1.83275782075305e-05
  # p2: 2.48976074116782e-05
