%YAML:1.0
---
model_type: PINHOLE
camera_name: camera
image_width: 752
image_height: 480
projection_parameters:
  fx: 458.654
  fy: 457.296
  cx: 367.215
  cy: 248.375
  # fx: 459.014531181966
  # fy: 457.706195745205
  # cx: 366.357149029455
  # cy: 248.624598955113
distortion_parameters:
  k1: -0.28340811
  k2: 0.07395907
  p1: 0.00019359
  p2: 1.76187114e-05
  # k1: -0.287330481246602
  # k2: 0.0775960964701094
  # p1: 0.00030209025627092
  # p2: 4.76633982269234e-05
