cam0:
  T_cam_imu:
  - - 0.014974344878294465
    - 0.9996424251297883
    - -0.02215380048890145
    - 0.0684619698643388
  - - -0.9998836762942768
    - 0.015034839261101551
    - 0.002566610339620839
    - -0.015841480859795247
  - - 0.0028987714136349107
    - 0.02211279016833904
    - 0.9997512798867842
    - -0.002368250283412222
  - - 0.0
    - 0.0
    - 0.0
    - 1.0
  cam_overlaps:
  - 1
  camera_model: pinhole
  distortion_coeffs:
  - -0.2857499507124168
  - 0.07588321191742696
  - 0.00025397687448367254
  - 3.780547330184374e-05
  distortion_model: radtan
  intrinsics:
  - 458.9100509555829
  - 457.56455132296185
  - 367.0070551981907
  - 248.41458738348737
  resolution:
  - 752
  - 480
  rostopic: /cam0/image_raw
  timeshift_cam_imu: 7.314550625073112e-06
cam1:
  T_cam_imu:
  - - 0.012786946771638497
    - 0.9997067911001368
    - -0.02056272891730449
    - -0.041585798409088534
  - - -0.999778873263154
    - 0.013125796662932232
    - 0.01642918253052999
    - -0.015598236528084976
  - - 0.0166942675465981
    - 0.020348102865638942
    - 0.9996535680628824
    - -0.002847608623393743
  - - 0.0
    - 0.0
    - 0.0
    - 1.0
  T_cn_cnm1:
  - - 0.9999963398188968
    - 0.0021921950531668542
    - 0.0015857583841900123
    - -0.11000903460150067
  - - -0.0022138992743579032
    - 0.9999020868324647
    - 0.01381721383201927
    - 0.00042598376811829857
  - - -0.0015553130897525734
    - -0.013820673967850404
    - 0.9999032803087816
    - -0.0005920475406685743
  - - 0.0
    - 0.0
    - 0.0
    - 1.0
  cam_overlaps:
  - 0
  camera_model: pinhole
  distortion_coeffs:
  - -0.28543696102317306
  - 0.07601141914226962
  - -4.042435645055041e-07
  - 2.1251482046669695e-05
  distortion_model: radtan
  intrinsics:
  - 457.79590953556277
  - 456.3300866555826
  - 379.2101853461348
  - 255.3626846707417
  resolution:
  - 752
  - 480
  rostopic: /cam1/image_raw
  timeshift_cam_imu: 1.1165713070313614e-05
